5 0.5745192307692307 0.5997596153846154 0.31850961538461536 0.6778846153846154
5 0.7079326923076923 0.19230769230769232 0.10336538461538461 0.23677884615384615
5 0.5853365384615384 0.34615384615384615 0.22115384615384615 0.42788461538461536
5 0.5324519230769231 0.21394230769230768 0.15504807692307693 0.31971153846153844
5 0.38822115384615385 0.35336538461538464 0.1778846153846154 0.6418269230769231
5 0.24759615384615385 0.23076923076923078 0.13942307692307693 0.36538461538461536
5 0.21514423076923078 0.4483173076923077 0.37259615384615385 0.4891826923076923
5 0.15504807692307693 0.5528846153846154 0.3076923076923077 0.44591346153846156
5 0.7463942307692307 0.6213942307692307 0.26802884615384615 0.5132211538461539
5 0.8353365384615384 0.2439903846153846 0.171875 0.21754807692307693
5 0.8822115384615384 0.5372596153846154 0.17668269230769232 0.3125