1 0.4338942307692308 0.4639423076923077 0.27403846153846156 0.640625
1 0.27524038461538464 0.43990384615384615 0.25841346153846156 0.5516826923076923
1 0.1346153846153846 0.5048076923076923 0.14302884615384615 0.37740384615384615
1 0.19831730769230768 0.24519230769230768 0.38100961538461536 0.3798076923076923
1 0.22716346153846154 0.7872596153846154 0.12740384615384615 0.21754807692307693
1 0.3485576923076923 0.8473557692307693 0.13581730769230768 0.2668269230769231
1 0.6081730769230769 0.5240384615384616 0.2127403846153846 0.6814903846153846
1 0.7584134615384616 0.47475961538461536 0.20673076923076922 0.7259615384615384
1 0.8473557692307693 0.38822115384615385 0.20192307692307693 0.6081730769230769
1 0.6538461538461539 0.8701923076923077 0.11778846153846154 0.203125
1 0.4987980769230769 0.7992788461538461 0.1310096153846154 0.35336538461538464