3 0.5132211538461539 0.5793269230769231 0.9326923076923077 0.49158653846153844
4 0.3269230769230769 0.4723557692307692 0.22956730769230768 0.23677884615384615
4 0.38341346153846156 0.6478365384615384 0.06610576923076923 0.10576923076923077
4 0.48677884615384615 0.6382211538461539 0.109375 0.09014423076923077
4 0.5504807692307693 0.6923076923076923 0.09014423076923077 0.0733173076923077
4 0.5180288461538461 0.5300480769230769 0.0889423076923077 0.09495192307692307
4 0.7415865384615384 0.6370192307692307 0.17067307692307693 0.08413461538461539
4 0.7259615384615384 0.5336538461538461 0.07692307692307693 0.036057692307692304
4 0.8149038461538461 0.4879807692307692 0.10216346153846154 0.10096153846153846
4 0.8858173076923077 0.6346153846153846 0.042067307692307696 0.11899038461538461
4 0.7944711538461539 0.7487980769230769 0.08173076923076923 0.09254807692307693