4 0.6634615384615384 0.8341346153846154 0.390625 0.19831730769230768
4 0.6634615384615384 0.6646634615384616 0.13221153846153846 0.1622596153846154
4 0.5408653846153846 0.5769230769230769 0.09014423076923077 0.10817307692307693
4 0.5997596153846154 0.47836538461538464 0.0829326923076923 0.12259615384615384
4 0.7331730769230769 0.5949519230769231 0.06129807692307692 0.09375
4 0.375 0.4026442307692308 0.11899038461538461 0.10576923076923077
4 0.4411057692307692 0.5733173076923077 0.07211538461538461 0.14182692307692307
4 0.1971153846153846 0.3245192307692308 0.140625 0.20673076923076922
4 0.35336538461538464 0.24158653846153846 0.06129807692307692 0.09615384615384616
4 0.265625 0.484375 0.056490384615384616 0.09735576923076923
4 0.25600961538461536 0.17548076923076922 0.055288461538461536 0.06850961538461539