4 0.27524038461538464 0.6334134615384616 0.24278846153846154 0.3112980769230769
4 0.09014423076923077 0.5432692307692307 0.14783653846153846 0.23677884615384615
4 0.4387019230769231 0.5504807692307693 0.13942307692307693 0.12259615384615384
4 0.4423076923076923 0.4519230769230769 0.09495192307692307 0.140625
4 0.2800480769230769 0.41466346153846156 0.0733173076923077 0.06971153846153846
4 0.5372596153846154 0.6418269230769231 0.09014423076923077 0.10336538461538461
4 0.6694711538461539 0.578125 0.109375 0.11658653846153846
4 0.859375 0.5757211538461539 0.17427884615384615 0.17307692307692307
4 0.6923076923076923 0.6935096153846154 0.11778846153846154 0.10336538461538461
4 0.7632211538461539 0.421875 0.09975961538461539 0.07692307692307693
4 0.8617788461538461 0.4483173076923077 0.09975961538461539 0.0985576923076923