3 0.5096153846153846 0.5913461538461539 0.9387019230769231 0.49399038461538464
4 0.3233173076923077 0.4831730769230769 0.23076923076923078 0.23798076923076922
4 0.3786057692307692 0.6586538461538461 0.06610576923076923 0.10576923076923077
4 0.4831730769230769 0.6490384615384616 0.11057692307692307 0.09134615384615384
4 0.546875 0.703125 0.09134615384615384 0.0733173076923077
4 0.515625 0.5408653846153846 0.0889423076923077 0.09495192307692307
4 0.7403846153846154 0.6478365384615384 0.171875 0.08413461538461539
4 0.7235576923076923 0.5444711538461539 0.078125 0.037259615384615384
4 0.8137019230769231 0.4987980769230769 0.10216346153846154 0.10216346153846154
4 0.8846153846153846 0.6466346153846154 0.042067307692307696 0.11899038461538461
4 0.7932692307692307 0.7608173076923077 0.0829326923076923 0.09254807692307693