4 0.6682692307692307 0.8641826923076923 0.40865384615384615 0.20673076923076922
4 0.6670673076923077 0.6875 0.13942307692307693 0.16947115384615385
4 0.5396634615384616 0.5961538461538461 0.09495192307692307 0.11298076923076923
4 0.6009615384615384 0.49278846153846156 0.08653846153846154 0.12860576923076922
4 0.7415865384615384 0.6141826923076923 0.06370192307692307 0.09735576923076923
4 0.36658653846153844 0.41466346153846156 0.12379807692307693 0.11057692307692307
4 0.43509615384615385 0.5913461538461539 0.07572115384615384 0.14783653846153846
4 0.18028846153846154 0.3317307692307692 0.1466346153846154 0.21514423076923078
4 0.34375 0.24519230769230768 0.06370192307692307 0.09975961538461539
4 0.2512019230769231 0.4987980769230769 0.05889423076923077 0.10216346153846154
4 0.24158653846153846 0.17668269230769232 0.057692307692307696 0.07211538461538461