4 0.2668269230769231 0.38100961538461536 0.2439903846153846 0.3125
4 0.08052884615384616 0.47115384615384615 0.14903846153846154 0.23798076923076922
4 0.43149038461538464 0.4651442307692308 0.140625 0.12379807692307693
4 0.43509615384615385 0.5637019230769231 0.09615384615384616 0.140625
4 0.27163461538461536 0.6009615384615384 0.07451923076923077 0.07091346153846154
4 0.5300480769230769 0.3737980769230769 0.09134615384615384 0.10336538461538461
4 0.6646634615384616 0.4375 0.11057692307692307 0.11658653846153846
4 0.8545673076923077 0.43990384615384615 0.17548076923076922 0.17427884615384615
4 0.6862980769230769 0.32091346153846156 0.11899038461538461 0.10336538461538461
4 0.7584134615384616 0.59375 0.10096153846153846 0.07692307692307693
4 0.8569711538461539 0.5673076923076923 0.10096153846153846 0.0985576923076923