1 0.7608173076923077 0.7512019230769231 0.47475961538461536 0.15865384615384615
1 0.8040865384615384 0.6574519230769231 0.3161057692307692 0.1502403846153846
1 0.7319711538461539 0.5877403846153846 0.38341346153846156 0.2127403846153846
1 0.265625 0.5432692307692307 0.2644230769230769 0.2704326923076923
1 0.2956730769230769 0.4963942307692308 0.17548076923076922 0.23918269230769232
1 0.49278846153846156 0.4735576923076923 0.1466346153846154 0.2704326923076923
1 0.5913461538461539 0.4951923076923077 0.203125 0.2608173076923077
1 0.6875 0.5216346153846154 0.28966346153846156 0.20793269230769232
5 0.16826923076923078 0.6622596153846154 0.33653846153846156 0.2091346153846154
5 0.12980769230769232 0.5709134615384616 0.16706730769230768 0.14903846153846154
5 0.38461538461538464 0.46634615384615385 0.12980769230769232 0.25841346153846156