1 0.5228365384615384 0.45552884615384615 0.16346153846153846 0.3088942307692308
1 0.4170673076923077 0.6286057692307693 0.17427884615384615 0.23076923076923078
1 0.36658653846153844 0.45552884615384615 0.23677884615384615 0.31971153846153844
1 0.22956730769230768 0.42908653846153844 0.25 0.24639423076923078
1 0.09975961538461539 0.4735576923076923 0.15264423076923078 0.17427884615384615
1 0.6706730769230769 0.4266826923076923 0.2668269230769231 0.28725961538461536
1 0.8161057692307693 0.40384615384615385 0.2980769230769231 0.2644230769230769
1 0.640625 0.6105769230769231 0.20192307692307693 0.24879807692307693
1 0.24879807692307693 0.6298076923076923 0.18028846153846154 0.20072115384615385
1 0.12740384615384615 0.5817307692307693 0.13701923076923078 0.14423076923076922
5 0.8269230769230769 0.5997596153846154 0.18509615384615385 0.2091346153846154