1 0.578125 0.4206730769230769 0.28966346153846156 0.6778846153846154
1 0.7451923076923077 0.3954326923076923 0.27283653846153844 0.5841346153846154
1 0.8954326923076923 0.4651442307692308 0.15144230769230768 0.39903846153846156
1 0.8112980769230769 0.19591346153846154 0.37259615384615385 0.3918269230769231
1 0.7980769230769231 0.7632211538461539 0.1346153846153846 0.23076923076923078
1 0.6694711538461539 0.8269230769230769 0.14302884615384615 0.28365384615384615
1 0.3942307692307692 0.484375 0.2247596153846154 0.7211538461538461
1 0.23557692307692307 0.4326923076923077 0.21875 0.7692307692307693
1 0.140625 0.3401442307692308 0.2127403846153846 0.6442307692307693
1 0.34615384615384615 0.8521634615384616 0.125 0.21514423076923078
1 0.5096153846153846 0.7764423076923077 0.13822115384615385 0.375