3 0.5072115384615384 0.5901442307692307 0.9591346153846154 0.4651442307692308
4 0.7572115384615384 0.6105769230769231 0.16105769230769232 0.08533653846153846
4 0.9110576923076923 0.6201923076923077 0.08653846153846154 0.12259615384615384
4 0.8485576923076923 0.4891826923076923 0.10697115384615384 0.07932692307692307
4 0.7512019230769231 0.5552884615384616 0.0889423076923077 0.08774038461538461
4 0.8137019230769231 0.7512019230769231 0.09014423076923077 0.08533653846153846
4 0.578125 0.6742788461538461 0.06610576923076923 0.06370192307692307
4 0.5216346153846154 0.6358173076923077 0.09134615384615384 0.09254807692307693
4 0.5348557692307693 0.5288461538461539 0.07091346153846154 0.1141826923076923
4 0.36658653846153844 0.46875 0.21754807692307693 0.27403846153846156
4 0.3954326923076923 0.6502403846153846 0.078125 0.09014423076923077