4 0.7956730769230769 0.6622596153846154 0.08413461538461539 0.04927884615384615
4 0.6959134615384616 0.45552884615384615 0.15144230769230768 0.18269230769230768
4 0.5540865384615384 0.40625 0.12139423076923077 0.10576923076923077
4 0.4110576923076923 0.4951923076923077 0.07451923076923077 0.11298076923076923
4 0.4326923076923077 0.6057692307692307 0.1778846153846154 0.16706730769230768
4 0.296875 0.49158653846153844 0.27524038461538464 0.41947115384615385
4 0.054086538461538464 0.4579326923076923 0.1045673076923077 0.25
4 0.09615384615384616 0.6430288461538461 0.11177884615384616 0.11057692307692307
4 0.7475961538461539 0.33052884615384615 0.1201923076923077 0.0829326923076923
4 0.8918269230769231 0.4206730769230769 0.19951923076923078 0.1346153846153846
4 0.9447115384615384 0.5805288461538461 0.109375 0.1466346153846154