1 0.7668269230769231 0.7668269230769231 0.46274038461538464 0.16346153846153846
1 0.8257211538461539 0.671875 0.3269230769230769 0.15625
1 0.7512019230769231 0.5985576923076923 0.39663461538461536 0.21995192307692307
1 0.2692307692307692 0.5528846153846154 0.27403846153846156 0.27884615384615385
1 0.29927884615384615 0.5036057692307693 0.1814903846153846 0.24759615384615385
1 0.5036057692307693 0.4807692307692308 0.15144230769230768 0.27884615384615385
1 0.6057692307692307 0.5036057692307693 0.21033653846153846 0.2692307692307692
1 0.7055288461538461 0.5300480769230769 0.3004807692307692 0.21514423076923078
5 0.17067307692307693 0.6754807692307693 0.34134615384615385 0.21634615384615385
5 0.12860576923076922 0.5817307692307693 0.17307692307692307 0.15384615384615385
5 0.3918269230769231 0.4723557692307692 0.13341346153846154 0.2668269230769231