1 0.3641826923076923 0.5120192307692307 0.19591346153846154 0.7920673076923077
1 0.18028846153846154 0.5192307692307693 0.22235576923076922 0.7572115384615384
1 0.06610576923076923 0.6045673076923077 0.13221153846153846 0.5600961538461539
1 0.2956730769230769 0.15985576923076922 0.14182692307692307 0.31490384615384615
1 0.47475961538461536 0.23076923076923078 0.16826923076923078 0.4423076923076923
1 0.546875 0.5264423076923077 0.28125 0.6598557692307693
1 0.6502403846153846 0.16105769230769232 0.171875 0.27524038461538464
1 0.7644230769230769 0.20432692307692307 0.15264423076923078 0.234375
1 0.7259615384615384 0.6033653846153846 0.3125 0.6971153846153846
1 0.8846153846153846 0.47596153846153844 0.15504807692307693 0.3629807692307692
1 0.8882211538461539 0.7704326923076923 0.21995192307692307 0.4026442307692308