1 0.5012019230769231 0.4326923076923077 0.171875 0.3245192307692308
1 0.6129807692307693 0.6141826923076923 0.18389423076923078 0.24278846153846154
1 0.6658653846153846 0.4326923076923077 0.25 0.33653846153846156
1 0.8112980769230769 0.4050480769230769 0.26322115384615385 0.25961538461538464
1 0.9326923076923077 0.4519230769230769 0.1310096153846154 0.18509615384615385
1 0.3449519230769231 0.4026442307692308 0.2824519230769231 0.30288461538461536
1 0.19110576923076922 0.3786057692307692 0.3137019230769231 0.27884615384615385
1 0.37740384615384615 0.5961538461538461 0.2127403846153846 0.2608173076923077
1 0.7896634615384616 0.6153846153846154 0.18990384615384615 0.21153846153846154
1 0.9182692307692307 0.5649038461538461 0.14423076923076922 0.15144230769230768
5 0.18028846153846154 0.5841346153846154 0.19471153846153846 0.21995192307692307