1 0.44591346153846156 0.5096153846153846 0.48677884615384615 0.23798076923076922
1 0.23317307692307693 0.4807692307692308 0.2439903846153846 0.15144230769230768
1 0.5673076923076923 0.41947115384615385 0.39783653846153844 0.31850961538461536
5 0.6935096153846154 0.36778846153846156 0.34615384615384615 0.3701923076923077
5 0.7836538461538461 0.328125 0.2644230769230769 0.3401442307692308
5 0.4891826923076923 0.2512019230769231 0.19951923076923078 0.17548076923076922
5 0.33533653846153844 0.33533653846153844 0.25721153846153844 0.17668269230769232
5 0.3942307692307692 0.6105769230769231 0.5360576923076923 0.17307692307692307
5 0.4050480769230769 0.7271634615384616 0.47836538461538464 0.12139423076923077
5 0.5564903846153846 0.8137019230769231 0.3485576923076923 0.21995192307692307
5 0.38341346153846156 0.7884615384615384 0.4639423076923077 0.11658653846153846