3 0.5 0.5637019230769231 0.9927884615384616 0.5228365384615384
4 0.6971153846153846 0.4495192307692308 0.2439903846153846 0.25240384615384615
4 0.6382211538461539 0.6370192307692307 0.07091346153846154 0.11298076923076923
4 0.5276442307692307 0.6262019230769231 0.11658653846153846 0.09615384615384616
4 0.46033653846153844 0.6838942307692307 0.09615384615384616 0.078125
4 0.49399038461538464 0.5120192307692307 0.09495192307692307 0.10096153846153846
4 0.25600961538461536 0.625 0.18269230769230768 0.0889423076923077
4 0.27283653846153844 0.5144230769230769 0.0829326923076923 0.038461538461538464
4 0.1778846153846154 0.46634615384615385 0.10817307692307693 0.10817307692307693
4 0.10336538461538461 0.6225961538461539 0.04447115384615385 0.12620192307692307
4 0.20072115384615385 0.7439903846153846 0.08774038461538461 0.0985576923076923