3 0.49759615384615385 0.5889423076923077 0.9254807692307693 0.44711538461538464
4 0.7391826923076923 0.6081730769230769 0.15504807692307693 0.08173076923076923
4 0.8870192307692307 0.6177884615384616 0.08413461538461539 0.11778846153846154
4 0.8269230769230769 0.49158653846153844 0.10336538461538461 0.07572115384615384
4 0.7331730769230769 0.5552884615384616 0.08533653846153846 0.08413461538461539
4 0.7932692307692307 0.7439903846153846 0.08653846153846154 0.08173076923076923
4 0.5661057692307693 0.6694711538461539 0.06370192307692307 0.06129807692307692
4 0.5108173076923077 0.6334134615384616 0.0889423076923077 0.0889423076923077
4 0.5240384615384616 0.5300480769230769 0.06850961538461539 0.109375
4 0.36177884615384615 0.47115384615384615 0.21033653846153846 0.26322115384615385
4 0.3894230769230769 0.6466346153846154 0.07572115384615384 0.08653846153846154