4 0.703125 0.453125 0.11298076923076923 0.14423076923076922
4 0.578125 0.41466346153846156 0.11899038461538461 0.125
4 0.7391826923076923 0.33413461538461536 0.11658653846153846 0.14423076923076922
4 0.33052884615384615 0.43509615384615385 0.3425480769230769 0.28966346153846156
4 0.47115384615384615 0.609375 0.13341346153846154 0.12740384615384615
4 0.2980769230769231 0.6286057692307693 0.08413461538461539 0.09375
4 0.18990384615384615 0.6189903846153846 0.06971153846153846 0.109375
4 0.10697115384615384 0.4735576923076923 0.19230769230769232 0.2536057692307692
4 0.7896634615384616 0.6634615384615384 0.09014423076923077 0.11658653846153846
4 0.9014423076923077 0.609375 0.07451923076923077 0.08653846153846154
4 0.9399038461538461 0.5336538461538461 0.11899038461538461 0.12980769230769232
4 0.8810096153846154 0.41466346153846156 0.17067307692307693 0.125