3 0.515625 0.5949519230769231 0.9675480769230769 0.48677884615384615
4 0.7932692307692307 0.6153846153846154 0.16706730769230768 0.0889423076923077
4 0.953125 0.625 0.09014423076923077 0.12740384615384615
4 0.8882211538461539 0.4891826923076923 0.11057692307692307 0.08173076923076923
4 0.7872596153846154 0.5564903846153846 0.09254807692307693 0.09134615384615384
4 0.8521634615384616 0.7608173076923077 0.09375 0.0889423076923077
4 0.6069711538461539 0.6814903846153846 0.06850961538461539 0.06610576923076923
4 0.5480769230769231 0.6418269230769231 0.09615384615384616 0.09615384615384616
4 0.5625 0.5300480769230769 0.0733173076923077 0.11899038461538461
4 0.3870192307692308 0.46634615384615385 0.22716346153846154 0.2848557692307692
4 0.41586538461538464 0.65625 0.08173076923076923 0.09375