4 0.7199519230769231 0.7920673076923077 0.15504807692307693 0.13701923076923078
4 0.6141826923076923 0.6466346153846154 0.0985576923076923 0.10216346153846154
4 0.5805288461538461 0.7692307692307693 0.08774038461538461 0.078125
4 0.49038461538461536 0.6069711538461539 0.078125 0.0733173076923077
4 0.4375 0.47475961538461536 0.0733173076923077 0.0625
4 0.3004807692307692 0.5324519230769231 0.15384615384615385 0.19591346153846154
4 0.3581730769230769 0.41346153846153844 0.1466346153846154 0.1346153846153846
4 0.484375 0.3918269230769231 0.13221153846153846 0.14543269230769232
4 0.3858173076923077 0.28966346153846156 0.08774038461538461 0.07572115384615384
4 0.7007211538461539 0.5552884615384616 0.07692307692307693 0.05889423076923077
4 0.7800480769230769 0.6394230769230769 0.06971153846153846 0.12139423076923077