4 0.34615384615384615 0.5721153846153846 0.10336538461538461 0.13221153846153846
4 0.46033653846153844 0.6081730769230769 0.11057692307692307 0.11538461538461539
4 0.3125 0.6814903846153846 0.10697115384615384 0.13221153846153846
4 0.6899038461538461 0.5889423076923077 0.3161057692307692 0.2668269230769231
4 0.5600961538461539 0.42908653846153844 0.12259615384615384 0.11778846153846154
4 0.71875 0.4110576923076923 0.07692307692307693 0.08653846153846154
4 0.8185096153846154 0.4206730769230769 0.06490384615384616 0.10096153846153846
4 0.8954326923076923 0.5540865384615384 0.1778846153846154 0.23317307692307693
4 0.2668269230769231 0.3786057692307692 0.0829326923076923 0.10697115384615384
4 0.16346153846153846 0.42908653846153844 0.06971153846153846 0.07932692307692307
4 0.12139423076923077 0.5 0.11778846153846154 0.11778846153846154
4 0.18269230769230768 0.6081730769230769 0.15745192307692307 0.11538461538461539