4 0.7704326923076923 0.8112980769230769 0.16466346153846154 0.14543269230769232
4 0.6574519230769231 0.65625 0.1045673076923077 0.109375
4 0.6213942307692307 0.7872596153846154 0.09375 0.0829326923076923
4 0.5264423076923077 0.6129807692307693 0.0829326923076923 0.078125
4 0.4699519230769231 0.4735576923076923 0.078125 0.0673076923076923
4 0.3245192307692308 0.5348557692307693 0.16346153846153846 0.20793269230769232
4 0.3858173076923077 0.4074519230769231 0.15625 0.14302884615384615
4 0.5204326923076923 0.3858173076923077 0.140625 0.15504807692307693
4 0.41466346153846156 0.2764423076923077 0.09375 0.08052884615384616
4 0.7487980769230769 0.5588942307692307 0.08173076923076923 0.0625
4 0.8341346153846154 0.6478365384615384 0.07451923076923077 0.12980769230769232