5 0.5865384615384616 0.6262019230769231 0.3293269230769231 0.703125
5 0.7259615384615384 0.20432692307692307 0.10697115384615384 0.24519230769230768
5 0.5985576923076923 0.3641826923076923 0.2283653846153846 0.44350961538461536
5 0.5432692307692307 0.22596153846153846 0.16105769230769232 0.33052884615384615
5 0.3942307692307692 0.3701923076923077 0.18389423076923078 0.6646634615384616
5 0.24879807692307693 0.24278846153846154 0.14302884615384615 0.3786057692307692
5 0.21634615384615385 0.4699519230769231 0.38461538461538464 0.5072115384615384
5 0.15745192307692307 0.578125 0.3112980769230769 0.46153846153846156
5 0.765625 0.6490384615384616 0.2764423076923077 0.53125
5 0.8569711538461539 0.25721153846153844 0.1778846153846154 0.2247596153846154
5 0.9050480769230769 0.5612980769230769 0.18269230769230768 0.3245192307692308