1 0.5012019230769231 0.5264423076923077 0.5 0.2439903846153846
1 0.28365384615384615 0.49759615384615385 0.2512019230769231 0.15504807692307693
1 0.6262019230769231 0.4338942307692308 0.40865384615384615 0.32572115384615385
5 0.7560096153846154 0.38221153846153844 0.3557692307692308 0.3786057692307692
5 0.8485576923076923 0.34134615384615385 0.27163461538461536 0.3485576923076923
5 0.5456730769230769 0.2620192307692308 0.20552884615384615 0.17908653846153846
5 0.38822115384615385 0.3485576923076923 0.2644230769230769 0.18028846153846154
5 0.4483173076923077 0.6298076923076923 0.5504807692307693 0.1778846153846154
5 0.46033653846153844 0.75 0.49038461538461536 0.125
5 0.6153846153846154 0.8377403846153846 0.3581730769230769 0.2247596153846154
5 0.4375 0.8125 0.47716346153846156 0.11899038461538461