4 0.7115384615384616 0.6382211538461539 0.2512019230769231 0.32091346153846156
4 0.9038461538461539 0.5456730769230769 0.15264423076923078 0.2439903846153846
4 0.5432692307692307 0.5516826923076923 0.14423076923076922 0.12620192307692307
4 0.5384615384615384 0.45072115384615385 0.0985576923076923 0.14423076923076922
4 0.7079326923076923 0.41225961538461536 0.07572115384615384 0.07211538461538461
4 0.4411057692307692 0.6454326923076923 0.09375 0.10576923076923077
4 0.30408653846153844 0.5805288461538461 0.11298076923076923 0.1201923076923077
4 0.10817307692307693 0.578125 0.17908653846153846 0.17908653846153846
4 0.28125 0.7007211538461539 0.12259615384615384 0.10576923076923077
4 0.20793269230769232 0.41947115384615385 0.10336538461538461 0.07932692307692307
4 0.10576923076923077 0.44711538461538464 0.10336538461538461 0.10216346153846154