1 0.35697115384615385 0.4182692307692308 0.21634615384615385 0.38461538461538464
1 0.5276442307692307 0.4326923076923077 0.2800480769230769 0.37740384615384615
1 0.5216346153846154 0.23197115384615385 0.15384615384615385 0.18269230769230768
1 0.7007211538461539 0.3245192307692308 0.18028846153846154 0.19110576923076922
1 0.6706730769230769 0.5012019230769231 0.3858173076923077 0.28846153846153844
1 0.8737980769230769 0.39663461538461536 0.125 0.15504807692307693
1 0.7307692307692307 0.5709134615384616 0.4254807692307692 0.2247596153846154
5 0.1875 0.4206730769230769 0.24639423076923078 0.39903846153846156
5 0.296875 0.2403846153846154 0.16706730769230768 0.18028846153846154
5 0.7608173076923077 0.6382211538461539 0.4735576923076923 0.19951923076923078
5 0.7151442307692307 0.7463942307692307 0.44711538461538464 0.1141826923076923