1 0.3942307692307692 0.5204326923076923 0.1971153846153846 0.7992788461538461
1 0.21033653846153846 0.5288461538461539 0.22355769230769232 0.7644230769230769
1 0.08413461538461539 0.6129807692307693 0.1502403846153846 0.5625
1 0.32572115384615385 0.1658653846153846 0.14302884615384615 0.3173076923076923
1 0.5060096153846154 0.23677884615384615 0.16947115384615385 0.44591346153846156
1 0.578125 0.5360576923076923 0.28365384615384615 0.6658653846153846
1 0.6826923076923077 0.16706730769230768 0.17307692307692307 0.2776442307692308
1 0.796875 0.21153846153846154 0.15384615384615385 0.23557692307692307
1 0.7584134615384616 0.6129807692307693 0.31490384615384615 0.703125
1 0.9182692307692307 0.484375 0.15504807692307693 0.36658653846153844
1 0.9050480769230769 0.7824519230769231 0.1875 0.40625