4 0.7740384615384616 0.6201923076923077 0.07932692307692307 0.046875
4 0.6814903846153846 0.4266826923076923 0.14302884615384615 0.171875
4 0.5480769230769231 0.3798076923076923 0.1141826923076923 0.09975961538461539
4 0.41225961538461536 0.4639423076923077 0.06971153846153846 0.10576923076923077
4 0.4338942307692308 0.5673076923076923 0.16706730769230768 0.15625
4 0.30528846153846156 0.46033653846153844 0.25841346153846156 0.3942307692307692
4 0.06370192307692307 0.42908653846153844 0.125 0.23557692307692307
4 0.11778846153846154 0.6021634615384616 0.1045673076923077 0.10336538461538461
4 0.7295673076923077 0.3076923076923077 0.11298076923076923 0.078125
4 0.8653846153846154 0.3942307692307692 0.1875 0.12740384615384615
4 0.9266826923076923 0.5420673076923077 0.12259615384615384 0.13581730769230768