1 0.5540865384615384 0.5348557692307693 0.2692307692307692 0.6262019230769231
1 0.7091346153846154 0.5588942307692307 0.2536057692307692 0.5396634615384616
1 0.8473557692307693 0.4951923076923077 0.140625 0.36899038461538464
1 0.7848557692307693 0.7487980769230769 0.3737980769230769 0.3713942307692308
1 0.7572115384615384 0.21875 0.125 0.2127403846153846
1 0.6382211538461539 0.15985576923076922 0.13341346153846154 0.2620192307692308
1 0.38341346153846156 0.47716346153846156 0.2091346153846154 0.6670673076923077
1 0.23557692307692307 0.5240384615384616 0.203125 0.7115384615384616
1 0.14783653846153846 0.609375 0.19831730769230768 0.5949519230769231
1 0.33774038461538464 0.13701923076923078 0.11538461538461539 0.19831730769230768
1 0.4891826923076923 0.20673076923076922 0.12860576923076922 0.34615384615384615