4 0.6923076923076923 0.828125 0.15985576923076922 0.14182692307692307
4 0.5841346153846154 0.6778846153846154 0.10096153846153846 0.10576923076923077
4 0.5480769230769231 0.8052884615384616 0.09014423076923077 0.08052884615384616
4 0.4567307692307692 0.6370192307692307 0.08052884615384616 0.07572115384615384
4 0.4014423076923077 0.5012019230769231 0.07572115384615384 0.06490384615384616
4 0.2620192307692308 0.5600961538461539 0.15745192307692307 0.20192307692307693
4 0.32091346153846156 0.4375 0.15144230769230768 0.13942307692307693
4 0.45072115384615385 0.41586538461538464 0.13581730769230768 0.1502403846153846
4 0.3485576923076923 0.31009615384615385 0.09014423076923077 0.078125
4 0.671875 0.5841346153846154 0.07932692307692307 0.06009615384615385
4 0.7536057692307693 0.6706730769230769 0.07211538461538461 0.125