1 0.7572115384615384 0.7512019230769231 0.4723557692307692 0.15504807692307693
1 0.796875 0.6598557692307693 0.31009615384615385 0.14903846153846154
1 0.7259615384615384 0.5901442307692307 0.37740384615384615 0.2091346153846154
1 0.26802884615384615 0.546875 0.2608173076923077 0.265625
1 0.296875 0.5012019230769231 0.17307692307692307 0.23557692307692307
1 0.49038461538461536 0.47836538461538464 0.14423076923076922 0.265625
1 0.5877403846153846 0.5 0.19951923076923078 0.25600961538461536
1 0.6826923076923077 0.5252403846153846 0.2848557692307692 0.20432692307692307
5 0.16706730769230768 0.6634615384615384 0.3329326923076923 0.20192307692307693
5 0.1346153846153846 0.5745192307692307 0.16466346153846154 0.1466346153846154
5 0.38461538461538464 0.47115384615384615 0.12740384615384615 0.2548076923076923