1 0.6802884615384616 0.5865384615384616 0.21514423076923078 0.38221153846153844
1 0.5096153846153846 0.5709134615384616 0.27884615384615385 0.375
1 0.515625 0.7716346153846154 0.15384615384615385 0.1814903846153846
1 0.33774038461538464 0.6790865384615384 0.18028846153846154 0.18990384615384615
1 0.36778846153846156 0.5036057692307693 0.38341346153846156 0.28725961538461536
1 0.1658653846153846 0.6081730769230769 0.125 0.15384615384615385
1 0.3076923076923077 0.4338942307692308 0.4230769230769231 0.22235576923076922
5 0.8485576923076923 0.5841346153846154 0.24519230769230768 0.39663461538461536
5 0.7391826923076923 0.7632211538461539 0.16706730769230768 0.17908653846153846
5 0.27524038461538464 0.36778846153846156 0.47596153846153844 0.1971153846153846
5 0.3233173076923077 0.25961538461538464 0.44471153846153844 0.11298076923076923