4 0.6706730769230769 0.421875 0.10576923076923077 0.1346153846153846
4 0.5528846153846154 0.38461538461538464 0.11298076923076923 0.11778846153846154
4 0.7043269230769231 0.31009615384615385 0.109375 0.1346153846153846
4 0.31971153846153844 0.4050480769230769 0.3233173076923077 0.27283653846153844
4 0.4519230769230769 0.5685096153846154 0.125 0.1201923076923077
4 0.28846153846153844 0.5865384615384616 0.07932692307692307 0.08774038461538461
4 0.1875 0.5769230769230769 0.06610576923076923 0.10336538461538461
4 0.10817307692307693 0.4411057692307692 0.1814903846153846 0.23798076923076922
4 0.7512019230769231 0.6189903846153846 0.08533653846153846 0.109375
4 0.8569711538461539 0.5685096153846154 0.07091346153846154 0.08173076923076923
4 0.8990384615384616 0.4951923076923077 0.1201923076923077 0.1201923076923077
4 0.8377403846153846 0.38461538461538464 0.16105769230769232 0.11778846153846154