5 0.5697115384615384 0.4963942307692308 0.18509615384615385 0.6322115384615384
5 0.5528846153846154 0.8185096153846154 0.1778846153846154 0.28846153846153844
5 0.375 0.5084134615384616 0.22235576923076922 0.5985576923076923
5 0.2439903846153846 0.43509615384615385 0.3269230769230769 0.5480769230769231
5 0.13942307692307693 0.27163461538461536 0.27884615384615385 0.4951923076923077
5 0.06850961538461539 0.6358173076923077 0.13701923076923078 0.19591346153846154
5 0.22235576923076922 0.7680288461538461 0.13822115384615385 0.21754807692307693
5 0.39302884615384615 0.7884615384615384 0.15865384615384615 0.27283653846153844
5 0.6935096153846154 0.6875 0.14903846153846154 0.5192307692307693
5 0.7307692307692307 0.4266826923076923 0.2860576923076923 0.5841346153846154
5 0.7980769230769231 0.32211538461538464 0.3112980769230769 0.4735576923076923