1 0.4014423076923077 0.47716346153846156 0.21514423076923078 0.7043269230769231
1 0.5889423076923077 0.48197115384615385 0.23317307692307693 0.6730769230769231
1 0.7319711538461539 0.46634615384615385 0.2608173076923077 0.5480769230769231
1 0.8713942307692307 0.6117788461538461 0.14182692307692307 0.2704326923076923
1 0.8569711538461539 0.2668269230769231 0.2668269230769231 0.4495192307692308
1 0.7367788461538461 0.7944711538461539 0.13581730769230768 0.2800480769230769
1 0.6418269230769231 0.8545673076923077 0.15384615384615385 0.2704326923076923
1 0.4891826923076923 0.7463942307692307 0.13341346153846154 0.43028846153846156
1 0.3016826923076923 0.7944711538461539 0.12139423076923077 0.2932692307692308
1 0.25721153846153844 0.43149038461538464 0.2512019230769231 0.703125
1 0.13581730769230768 0.35336538461538464 0.13822115384615385 0.5420673076923077