4 0.6454326923076923 0.17668269230769232 0.4266826923076923 0.21634615384615385
4 0.6442307692307693 0.3629807692307692 0.14543269230769232 0.1778846153846154
4 0.5108173076923077 0.45913461538461536 0.0985576923076923 0.11899038461538461
4 0.5745192307692307 0.5673076923076923 0.09014423076923077 0.1346153846153846
4 0.7211538461538461 0.43990384615384615 0.06610576923076923 0.10216346153846154
4 0.3293269230769231 0.6490384615384616 0.12980769230769232 0.11658653846153846
4 0.4014423076923077 0.4639423076923077 0.078125 0.15504807692307693
4 0.1346153846153846 0.7367788461538461 0.15384615384615385 0.22596153846153846
4 0.30649038461538464 0.8269230769230769 0.06610576923076923 0.1045673076923077
4 0.21033653846153846 0.5600961538461539 0.06129807692307692 0.10697115384615384
4 0.19831730769230768 0.8978365384615384 0.06009615384615385 0.07572115384615384