5 0.5709134615384616 0.4807692307692308 0.18389423076923078 0.6298076923076923
5 0.5540865384615384 0.8016826923076923 0.17668269230769232 0.28725961538461536
5 0.37740384615384615 0.49399038461538464 0.22115384615384615 0.5961538461538461
5 0.24759615384615385 0.41947115384615385 0.3245192307692308 0.5456730769230769
5 0.140625 0.25721153846153844 0.2800480769230769 0.4891826923076923
5 0.07091346153846154 0.6189903846153846 0.140625 0.19471153846153846
5 0.22596153846153846 0.7512019230769231 0.13822115384615385 0.21754807692307693
5 0.3954326923076923 0.7716346153846154 0.15745192307692307 0.27163461538461536
5 0.6935096153846154 0.6706730769230769 0.14783653846153846 0.5180288461538461
5 0.7307692307692307 0.4110576923076923 0.28365384615384615 0.5817307692307693
5 0.7980769230769231 0.3076923076923077 0.31009615384615385 0.47115384615384615