1 0.5096153846153846 0.5396634615384616 0.16105769230769232 0.30528846153846156
1 0.4050480769230769 0.36899038461538464 0.171875 0.22716346153846154
1 0.3545673076923077 0.5384615384615384 0.234375 0.3161057692307692
1 0.21875 0.5649038461538461 0.24759615384615385 0.2439903846153846
1 0.09014423076923077 0.5216346153846154 0.15144230769230768 0.17307692307692307
1 0.65625 0.5673076923076923 0.265625 0.28365384615384615
1 0.8004807692307693 0.5901442307692307 0.2956730769230769 0.2608173076923077
1 0.6262019230769231 0.3858173076923077 0.20072115384615385 0.24519230769230768
1 0.23798076923076922 0.36658653846153844 0.17908653846153846 0.19831730769230768
1 0.11778846153846154 0.41466346153846156 0.13581730769230768 0.14182692307692307
5 0.8112980769230769 0.39663461538461536 0.18269230769230768 0.20673076923076922