5 0.3762019230769231 0.47596153846153844 0.19230769230769232 0.6586538461538461
5 0.39302884615384615 0.1466346153846154 0.1875 0.28846153846153844
5 0.578125 0.46274038461538464 0.23197115384615385 0.6237980769230769
5 0.7151442307692307 0.5396634615384616 0.3401442307692308 0.5709134615384616
5 0.8389423076923077 0.7115384615384616 0.3173076923076923 0.5144230769230769
5 0.9050480769230769 0.3329326923076923 0.15264423076923078 0.20192307692307693
5 0.7367788461538461 0.1935096153846154 0.14423076923076922 0.22716346153846154
5 0.5600961538461539 0.171875 0.16466346153846154 0.2848557692307692
5 0.24759615384615385 0.2776442307692308 0.15504807692307693 0.5408653846153846
5 0.2091346153846154 0.5492788461538461 0.296875 0.6081730769230769
5 0.15144230769230768 0.65625 0.29927884615384615 0.4951923076923077