1 0.5264423076923077 0.47836538461538464 0.4723557692307692 0.23076923076923078
1 0.7331730769230769 0.45072115384615385 0.23677884615384615 0.1466346153846154
1 0.40865384615384615 0.390625 0.3858173076923077 0.3076923076923077
5 0.2860576923076923 0.34134615384615385 0.33653846153846156 0.3581730769230769
5 0.19951923076923078 0.30288461538461536 0.25600961538461536 0.3293269230769231
5 0.484375 0.2283653846153846 0.1935096153846154 0.16947115384615385
5 0.6334134615384616 0.31009615384615385 0.25 0.17067307692307693
5 0.5769230769230769 0.5757211538461539 0.5192307692307693 0.16826923076923078
5 0.5661057692307693 0.6899038461538461 0.4639423076923077 0.11778846153846154
5 0.41947115384615385 0.7728365384615384 0.3389423076923077 0.2127403846153846
5 0.5877403846153846 0.7487980769230769 0.45072115384615385 0.11298076923076923