1 0.34975961538461536 0.4074519230769231 0.21634615384615385 0.3870192307692308
1 0.5204326923076923 0.4230769230769231 0.28125 0.3798076923076923
1 0.515625 0.21995192307692307 0.15504807692307693 0.18389423076923078
1 0.6947115384615384 0.3137019230769231 0.1814903846153846 0.19230769230769232
1 0.6646634615384616 0.49038461538461536 0.3870192307692308 0.29086538461538464
1 0.8677884615384616 0.3858173076923077 0.12620192307692307 0.15625
1 0.7247596153846154 0.5612980769230769 0.4266826923076923 0.22596153846153846
5 0.17908653846153846 0.4098557692307692 0.24759615384615385 0.4014423076923077
5 0.28966346153846156 0.2283653846153846 0.16826923076923078 0.1814903846153846
5 0.7572115384615384 0.6298076923076923 0.4795673076923077 0.19951923076923078
5 0.7091346153846154 0.7379807692307693 0.4495192307692308 0.1141826923076923