5 0.41225961538461536 0.3894230769230769 0.31009615384615385 0.6610576923076923
5 0.28125 0.7872596153846154 0.09975961538461539 0.23076923076923078
5 0.40024038461538464 0.6370192307692307 0.21394230769230768 0.4170673076923077
5 0.453125 0.765625 0.1502403846153846 0.3112980769230769
5 0.5925480769230769 0.6298076923076923 0.17307692307692307 0.625
5 0.7295673076923077 0.75 0.1346153846153846 0.3557692307692308
5 0.7608173076923077 0.5372596153846154 0.36177884615384615 0.47716346153846156
5 0.8293269230769231 0.4362980769230769 0.31850961538461536 0.4326923076923077
5 0.2439903846153846 0.36899038461538464 0.2608173076923077 0.5
5 0.15745192307692307 0.7367788461538461 0.16706730769230768 0.21153846153846154
5 0.11298076923076923 0.45072115384615385 0.171875 0.30528846153846156