4 0.24879807692307693 0.6670673076923077 0.08653846153846154 0.05048076923076923
4 0.35096153846153844 0.4543269230769231 0.15625 0.1875
4 0.4963942307692308 0.40384615384615385 0.125 0.109375
4 0.6442307692307693 0.4951923076923077 0.07692307692307693 0.11538461538461539
4 0.6201923076923077 0.609375 0.18269230769230768 0.171875
4 0.7608173076923077 0.49038461538461536 0.2824519230769231 0.43028846153846156
4 0.9771634615384616 0.4567307692307692 0.042067307692307696 0.25721153846153844
4 0.9543269230769231 0.6478365384615384 0.0889423076923077 0.11538461538461539
4 0.2980769230769231 0.32572115384615385 0.12379807692307693 0.08533653846153846
4 0.14903846153846154 0.41947115384615385 0.20432692307692307 0.13942307692307693
4 0.0829326923076923 0.5805288461538461 0.13341346153846154 0.14783653846153846