1 0.3870192307692308 0.47836538461538464 0.18389423076923078 0.7403846153846154
1 0.21634615384615385 0.4855769230769231 0.20793269230769232 0.7079326923076923
1 0.0985576923076923 0.5637019230769231 0.13942307692307693 0.5216346153846154
1 0.3233173076923077 0.14903846153846154 0.13341346153846154 0.29447115384615385
1 0.49158653846153844 0.21514423076923078 0.15745192307692307 0.41346153846153844
1 0.5588942307692307 0.49278846153846156 0.26322115384615385 0.6165865384615384
1 0.6550480769230769 0.1502403846153846 0.16105769230769232 0.25721153846153844
1 0.7608173076923077 0.19110576923076922 0.14302884615384615 0.21875
1 0.7259615384615384 0.5637019230769231 0.2920673076923077 0.6514423076923077
1 0.8737980769230769 0.44471153846153844 0.14423076923076922 0.3401442307692308
1 0.8822115384615384 0.7199519230769231 0.21634615384615385 0.375