1 0.3954326923076923 0.49158653846153844 0.21995192307692307 0.7199519230769231
1 0.5865384615384616 0.4963942307692308 0.23677884615384615 0.6875
1 0.7319711538461539 0.4807692307692308 0.265625 0.5600961538461539
1 0.8737980769230769 0.6298076923076923 0.14543269230769232 0.2764423076923077
1 0.859375 0.2764423076923077 0.27283653846153844 0.45913461538461536
1 0.7367788461538461 0.8161057692307693 0.13822115384615385 0.2860576923076923
1 0.6394230769230769 0.8665865384615384 0.16346153846153846 0.2620192307692308
1 0.484375 0.7668269230769231 0.13581730769230768 0.43990384615384615
1 0.2932692307692308 0.8161057692307693 0.12379807692307693 0.29927884615384615
1 0.24759615384615385 0.44471153846153844 0.25600961538461536 0.7175480769230769
1 0.12379807692307693 0.36538461538461536 0.140625 0.5540865384615384